%# Autocorrelation spatiale dans la direction longitudinale
%# pour les trois composatne de la vitesse
%# rho_ux : autocorrelation pour la composante longitudinale
%# rho_uy : autocorrelation pour la composante normale à la paroi
%# rho_uz : autocorrelation pour la composante transversale
%# rx : longueur du décalage spatiale
%# ix : nombre de maille du décalage
%# Nombre de stat = 573
%# ix rx rho_ux rho_uy  rho_uz
%#plan i=48
0 0 1.02362 0.993332 1.00686
1 0.0490874 1.003 0.930473 0.950476
2 0.0981748 0.953254 0.792543 0.820943
3 0.147262 0.891241 0.643351 0.671178
4 0.19635 0.827174 0.512789 0.530393
5 0.245437 0.765741 0.407959 0.409623
6 0.294524 0.70891 0.327181 0.311005
7 0.343612 0.657254 0.265978 0.232608
8 0.392699 0.610761 0.219977 0.171188
9 0.441786 0.569103 0.185417 0.123504
10 0.490874 0.531824 0.159358 0.0866864
11 0.539961 0.498429 0.139519 0.0584271
12 0.589049 0.468471 0.12416 0.0368778
13 0.638136 0.441563 0.112153 0.0205736
14 0.687223 0.417323 0.102606 0.00817449
15 0.736311 0.395407 0.0947647 -0.0013339
16 0.785398 0.375479 0.0878931 -0.00881956
17 0.834486 0.357253 0.0816268 -0.0149489
18 0.883573 0.340446 0.0757145 -0.0201976
19 0.93266 0.324862 0.0701395 -0.0247058
20 0.981748 0.310355 0.0648955 -0.02854
21 1.03084 0.296848 0.0601601 -0.0316393
22 1.07992 0.284266 0.0559365 -0.0341409
23 1.12901 0.27258 0.0523886 -0.0361491
24 1.1781 0.261745 0.0494629 -0.0378837
25 1.22718 0.251734 0.0472114 -0.039406
26 1.27627 0.242513 0.0455129 -0.0407437
27 1.32536 0.234079 0.0442439 -0.0417508
28 1.37445 0.226375 0.0431455 -0.0424442
29 1.42353 0.219344 0.042215 -0.0427763
30 1.47262 0.212907 0.0414122 -0.0427973
31 1.52171 0.207027 0.0408298 -0.0425655
32 1.5708 0.201625 0.0403226 -0.0423005
33 1.61988 0.19665 0.039869 -0.042036
34 1.66897 0.192035 0.0394765 -0.0417411
35 1.71806 0.187738 0.0393181 -0.0412903
36 1.76715 0.183722 0.0392837 -0.0406495
37 1.81623 0.180001 0.0392724 -0.0397083
38 1.86532 0.176552 0.0391098 -0.0384459
39 1.91441 0.17334 0.0389126 -0.0368325
40 1.9635 0.170269 0.0388036 -0.0350929
41 2.01258 0.167296 0.0389965 -0.0334933
42 2.06167 0.164404 0.0394281 -0.0322907
43 2.11076 0.161609 0.0398181 -0.0314486
44 2.15984 0.158931 0.039752 -0.0309004
45 2.20893 0.156426 0.0390898 -0.0304988
46 2.25802 0.15412 0.0378326 -0.0301444
47 2.30711 0.152037 0.0362406 -0.0296558
48 2.35619 0.15015 0.034551 -0.0289234
49 2.40528 0.148443 0.0330414 -0.027873
50 2.45437 0.146869 0.0318405 -0.0266395
51 2.50346 0.145386 0.0310367 -0.0253364
52 2.55254 0.143911 0.0305519 -0.0241527
53 2.60163 0.142403 0.0303026 -0.0232048
54 2.65072 0.140835 0.030019 -0.0226115
55 2.69981 0.139218 0.0296243 -0.0224232
56 2.74889 0.137575 0.0291892 -0.0226844
57 2.79798 0.135951 0.0289932 -0.0231901
58 2.84707 0.134364 0.0291596 -0.0236125
59 2.89616 0.132822 0.0297583 -0.0235852
60 2.94524 0.13132 0.0306657 -0.0229506
61 2.99433 0.129867 0.0317759 -0.0217158
62 3.04342 0.128451 0.032937 -0.0199999
63 3.09251 0.127082 0.0341618 -0.0178743
64 3.14159 0.125764 0.0353818 -0.0155204
65 3.19068 0.124518 0.0365668 -0.0132022
66 3.23977 0.123343 0.0376795 -0.0111576
67 3.28885 0.122266 0.038762 -0.00936598
68 3.33794 0.121331 0.0397399 -0.00770936
69 3.38703 0.120586 0.0405109 -0.00603715
70 3.43612 0.120024 0.040888 -0.00433744
71 3.4852 0.119594 0.040826 -0.00267115
72 3.53429 0.119207 0.0403113 -0.00114572
73 3.58338 0.118819 0.0394287 0.000163364
74 3.63247 0.118404 0.0383072 0.00119341
75 3.68155 0.117948 0.037089 0.00197493
76 3.73064 0.117416 0.0357374 0.00248936
77 3.77973 0.116797 0.0342761 0.00273228
78 3.82882 0.116095 0.0327492 0.00266883
79 3.8779 0.115343 0.0311836 0.0023382
80 3.92699 0.114582 0.0295069 0.00182184
81 3.97608 0.113858 0.0277523 0.00125746
82 4.02517 0.113234 0.0259689 0.000675326
83 4.07425 0.112777 0.0242945 2.08509e-05
84 4.12334 0.112512 0.0229905 -0.000825745
85 4.17243 0.112477 0.0223827 -0.00185746
86 4.22152 0.112718 0.0225756 -0.00292227
87 4.2706 0.113253 0.0233786 -0.00376684
88 4.31969 0.114051 0.0244206 -0.00421654
89 4.36878 0.115051 0.0254264 -0.00423634
90 4.41786 0.116171 0.0263582 -0.00387949
91 4.46695 0.117317 0.02732 -0.00322369
92 4.51604 0.118391 0.0282853 -0.00234257
93 4.56513 0.119317 0.0290305 -0.00133067
94 4.61421 0.120016 0.0293931 -0.000392065
95 4.6633 0.12039 0.0294773 0.000197526