%# Spectre 1D dans la direction longitudinale
%# pour les trois composatne de la vitesse
%# S1ym : spectre pour la composante longitudinale
%# S2ym : spectre pour la composante normale à la paroi
%# S3ym : spectre pour la composante transversale
%# kx : nombre d'onde dans la direction longitudinale
%# Nombre de stat = 1135
%# plan i=48 x=0.707107  x+=53.4747
%# kx S1ym S2ym S3ym
0 0.000343363 0.000243175 0.00376996
0.666667 0.000257378 0.000334221 0.00184398
1.33333 0.000223819 0.000382954 0.00125082
2 0.00019317 0.000349477 0.000850194
2.66667 0.000160225 0.000319041 0.000609747
3.33333 0.000141552 0.000275889 0.00045078
4 0.000125024 0.000239908 0.000347729
4.66667 0.000106881 0.000195272 0.000260041
5.33333 9.59408e-05 0.000171526 0.000209781
6 8.21055e-05 0.00014208 0.000165843
6.66667 7.12333e-05 0.000123375 0.000131745
7.33333 6.29506e-05 0.00010549 0.000106618
8 5.5062e-05 9.00438e-05 8.74931e-05
8.66667 4.74961e-05 7.74933e-05 7.15069e-05
9.33333 4.20793e-05 6.53124e-05 5.87037e-05
10 3.67712e-05 5.66398e-05 4.91423e-05
10.6667 3.2222e-05 4.78139e-05 4.09561e-05
11.3333 2.83574e-05 4.11874e-05 3.46637e-05
12 2.4599e-05 3.5489e-05 2.95913e-05
12.6667 2.16282e-05 3.07214e-05 2.5042e-05
13.3333 1.87095e-05 2.64586e-05 2.14146e-05
14 1.6188e-05 2.27849e-05 1.81783e-05
14.6667 1.46819e-05 1.99183e-05 1.57305e-05
15.3333 1.26307e-05 1.72174e-05 1.36028e-05
16 1.11724e-05 1.50746e-05 1.17648e-05
16.6667 9.88302e-06 1.31225e-05 1.01912e-05
17.3333 8.75914e-06 1.13632e-05 8.92845e-06
18 7.82016e-06 1.00245e-05 7.79718e-06
18.6667 6.91762e-06 8.76563e-06 6.81807e-06
19.3333 6.09324e-06 7.64895e-06 6.04361e-06
20 5.44144e-06 6.8019e-06 5.31388e-06
20.6667 4.84457e-06 5.99197e-06 4.67189e-06
21.3333 4.33723e-06 5.33946e-06 4.16028e-06
22 3.85274e-06 4.71531e-06 3.65749e-06
22.6667 3.45558e-06 4.1736e-06 3.25495e-06
23.3333 3.07965e-06 3.70287e-06 2.89082e-06
24 2.7927e-06 3.32619e-06 2.57389e-06
24.6667 2.48753e-06 2.96375e-06 2.28905e-06
25.3333 2.21992e-06 2.65884e-06 2.03959e-06
26 2.00122e-06 2.36759e-06 1.82889e-06
26.6667 1.78928e-06 2.11979e-06 1.64262e-06
27.3333 1.62683e-06 1.89041e-06 1.47393e-06
28 1.47176e-06 1.70369e-06 1.31793e-06
28.6667 1.31535e-06 1.53295e-06 1.18464e-06
29.3333 1.19422e-06 1.3777e-06 1.06871e-06
30 1.07553e-06 1.25121e-06 9.61917e-07
30.6667 9.7811e-07 1.12477e-06 8.67226e-07
31.3333 8.8974e-07 1.01408e-06 7.83047e-07
32 8.04347e-07 9.16978e-07 7.06743e-07
32.6667 7.32399e-07 8.35833e-07 6.42605e-07
33.3333 6.65425e-07 7.5783e-07 5.81186e-07
34 6.0756e-07 6.88878e-07 5.27636e-07
34.6667 5.50238e-07 6.30073e-07 4.79053e-07
35.3333 5.03529e-07 5.73291e-07 4.34861e-07
36 4.58819e-07 5.19811e-07 3.94618e-07
36.6667 4.18878e-07 4.74103e-07 3.59899e-07
37.3333 3.83088e-07 4.3423e-07 3.2806e-07
38 3.51958e-07 3.95398e-07 2.98736e-07
38.6667 3.21069e-07 3.60155e-07 2.73103e-07
39.3333 2.94062e-07 3.3184e-07 2.49374e-07
40 2.69508e-07 3.04722e-07 2.28413e-07
40.6667 2.47857e-07 2.79233e-07 2.09109e-07
41.3333 2.27166e-07 2.58893e-07 1.91006e-07
42 2.10116e-07 2.3792e-07 1.75753e-07
42.6667 1.9341e-07 2.17626e-07 1.60965e-07
43.3333 1.77277e-07 2.00346e-07 1.47704e-07
44 1.64996e-07 1.84734e-07 1.36635e-07
44.6667 1.51324e-07 1.70882e-07 1.25059e-07
45.3333 1.39763e-07 1.57542e-07 1.15495e-07
46 1.29618e-07 1.46995e-07 1.06611e-07
46.6667 1.20269e-07 1.36162e-07 9.83728e-08
47.3333 1.11674e-07 1.26075e-07 9.10597e-08
48 1.0348e-07 1.17164e-07 8.46638e-08
48.6667 9.67834e-08 1.0879e-07 7.83231e-08
49.3333 8.99151e-08 1.01711e-07 7.28022e-08
50 8.41788e-08 9.49334e-08 6.77659e-08
50.6667 7.85082e-08 8.92064e-08 6.30866e-08
51.3333 7.40004e-08 8.34408e-08 5.90128e-08
52 6.97296e-08 7.83236e-08 5.57238e-08
52.6667 6.5367e-08 7.38363e-08 5.21646e-08
53.3333 6.15813e-08 6.98252e-08 4.91958e-08
54 5.80974e-08 6.65644e-08 4.64367e-08
54.6667 5.56049e-08 6.33162e-08 4.42348e-08
55.3333 5.30301e-08 6.01379e-08 4.22576e-08
56 5.06612e-08 5.78558e-08 4.04811e-08
56.6667 4.89997e-08 5.58224e-08 3.89339e-08
57.3333 4.73495e-08 5.37719e-08 3.80933e-08
58 4.58111e-08 5.25078e-08 3.71937e-08
58.6667 4.54249e-08 5.15302e-08 3.6656e-08
59.3333 4.46393e-08 5.05267e-08 3.62965e-08
60 4.49946e-08 5.03269e-08 3.65681e-08
60.6667 4.55783e-08 5.05806e-08 3.73232e-08
61.3333 4.67459e-08 5.15853e-08 3.8386e-08
62 4.87418e-08 5.28332e-08 4.01786e-08
62.6667 5.05293e-08 5.36726e-08 4.19962e-08
63.3333 5.392e-08 5.71419e-08 4.52456e-08
